821109097
821198769
821224268
821402971
821505872
821896776
821947462
822162384
822302311
822449435
822518080
822711149
823306501
823336045
823581467
823970215
823998711
824157176
824289474
824734065
824899835
824915748
824940480
827739061
827805912
827904640
827916263
828027839
828078311
828283218
828745778
828814699
829530302
829689728
829917103
830129037
830248712
830321931
830504411
830609236
830666822
830742664
830808101
831104252
831313739
831501457
831512553
831548037
831562871
832164370
832865760
833176696
833187958
833251507
833283617
833362254
833557838
834557605
835163338
835173329
835268772
837576198
837583533
837847060
837951508
838463131
838540425
839269537
839696978
839748589
839865441
840067193
840437859
840721781
841045297
841169162
841530322
841656952
841690225
841700040
841958242
842183030
842202194
842484602
842866584
842993594
843327636
843637257
843781451
844446476
844961292
845148899
845402767
846671378
847739166
847957883
847982626
848002028
848137311
848277661
848480299
848494910
848540530
848713251
848823662
848934568
849533880
849850466
850188798
850289232
850335332
850908674
851061739
851194167
851403097
851731166
851873471
852085547
852679729
853017879
853607869
853758316
853918753
853959880
853990257
854043072
854093978
865711089
876171307
876174236
876750217
876870338
877517458
877771584
877869164
878123041
878209071
878457118
878752542
879275444
879526440
879778868
879785475
880045885
880294145
880421318
880497037
881011951
881357727
881388201
881555825
881606123
881694772
882191075
882232119
882297286
882470180
882696222
882831324
882878325
883216897
883237000
883238974
883290801
883347700
883542904
883580417
883766354
884098369
884153750
884847864
885084400
887771236
887814978
888164696
888195559
888388402
888817046
888936093
889389029
889728804
890027162
890113319
890660236
891166225
891545436
892031568
892034141
892130311
892299488
892305384
892467374
893162883
893175166
893264713
893892778
894002740
894895184
894903350
895025229
895291748
897828828
898093539
898241435
898431838
898607528
898689435
899064919
899806616
900795857
900892316
900901331
901726588
901791673
901829580
901898205
902066067
902480409
902561646
902624923
902859354
903115855
903138717
903268803
903496354
903643518
904099827
904696127
905028882
905143103
905206280
906870126
907452353
908046071
908268915
908403520
908428907
908603715
909114407
909267940
910244953
910417849
910457332
910596204
910732114
911046175
911116259
911177962
911190635
911567584
911611531
911691145
911825032
911887966
912355401
912453339
912544160
912597200
912704368
912718194
913417838
913913513
913945929
914424403
914424726
914820071
915004964
915066393
915370985
917647703
917812927
918349994
918938028
919327825
919546440
919619536
919680900
919896183
920390861
920737590
921305967
921796785
921955704
922503586
922729413
923168108
923186696
923336192
923628994
923729875
924695869
924791452
925040750
925159097
927530634
927725275
928109164
928143080
928319474
928420264
928489350
928604487
928632314
928811140
929045995
929352060
929964989
930547385
930727193
930766514
931628275
931751788
931777023
931976260
932076680
932088917
932230063
932446354
932628779
932944762
933076366
933227043
933275943
933462855
933578569
933744294
933812745
933845620
933934531
934007329
934256462
934601048
934950874
935350082
935742155
937598514
938122710
938193554
938295482
938658986
939019766
939085866
939232153
939470894
939543609
939598116
939997086
940711039
940955727
941132722
941174302
941383663
941741415
942093006
942356270
942359142
943046458
943482679
943762385
943934935
944129923
944363845
944525534
944644418
944846773
945155133
945254035
945371326
947521449
947845079
948218763
948428164
948840640
948863857
948985585
949074777
949372007
949417786
949606313
949867667
950335224
950766030
950888743
950939280
951338904
951349299
951622752
951923796
952257558
952817237
952861201
953147931
953599172
953809654
977748979
977769462
978058592
978217529
978306025
978433134
979078276
979160835
979330834
979687407
979811031
979820511
980113419
980170674
980268478
980319701
980492979
980872113
981189996
981306392
981355290
981683865
982086753
982454191
982922031
983030354
983126988
983265893
983711177
983761750
984339903
984596346
984781831
985012251
985148352
985348101
987475670
987683588
987704509
988057634
988065926
988113494
988740643
989081609
989382049
989545900
989733175